chromosome	start	end
1	1	10000000
1	10000001	20000000
1	20000001	30000000
1	30000001	40000000
1	40000001	50000000
1	50000001	60000000
1	60000001	70000000
1	70000001	80000000
1	80000001	90000000
1	90000001	100000000
1	100000001	110000000
1	110000001	120000000
1	120000001	130000000
1	130000001	140000000
1	140000001	150000000
1	150000001	160000000
1	160000001	170000000
1	170000001	180000000
1	180000001	190000000
1	190000001	200000000
1	200000001	210000000
1	210000001	220000000
1	220000001	230000000
1	230000001	240000000
1	240000001	250000000
2	1	10000000
2	10000001	20000000
2	20000001	30000000
2	30000001	40000000
2	40000001	50000000
2	50000001	60000000
2	60000001	70000000
2	70000001	80000000
2	80000001	90000000
2	90000001	100000000
2	100000001	110000000
2	110000001	120000000
2	120000001	130000000
2	130000001	140000000
2	140000001	150000000
2	150000001	160000000
2	160000001	170000000
2	170000001	180000000
2	180000001	190000000
2	190000001	200000000
2	200000001	210000000
2	210000001	220000000
2	220000001	230000000
2	230000001	240000000
2	240000001	250000000
3	1	10000000
3	10000001	20000000
3	20000001	30000000
3	30000001	40000000
3	40000001	50000000
3	50000001	60000000
3	60000001	70000000
3	70000001	80000000
3	80000001	90000000
3	90000001	100000000
3	100000001	110000000
3	110000001	120000000
3	120000001	130000000
3	130000001	140000000
3	140000001	150000000
3	150000001	160000000
3	160000001	170000000
3	170000001	180000000
3	180000001	190000000
3	190000001	200000000
4	1	10000000
4	10000001	20000000
4	20000001	30000000
4	30000001	40000000
4	40000001	50000000
4	50000001	60000000
4	60000001	70000000
4	70000001	80000000
4	80000001	90000000
4	90000001	100000000
4	100000001	110000000
4	110000001	120000000
4	120000001	130000000
4	130000001	140000000
4	140000001	150000000
4	150000001	160000000
4	160000001	170000000
4	170000001	180000000
4	180000001	190000000
4	190000001	200000000
5	1	10000000
5	10000001	20000000
5	20000001	30000000
5	30000001	40000000
5	40000001	50000000
5	50000001	60000000
5	60000001	70000000
5	70000001	80000000
5	80000001	90000000
5	90000001	100000000
5	100000001	110000000
5	110000001	120000000
5	120000001	130000000
5	130000001	140000000
5	140000001	150000000
5	150000001	160000000
5	160000001	170000000
5	170000001	180000000
5	180000001	190000000
6	1	10000000
6	10000001	20000000
6	20000001	30000000
6	30000001	40000000
6	40000001	50000000
6	50000001	60000000
6	60000001	70000000
6	70000001	80000000
6	80000001	90000000
6	90000001	100000000
6	100000001	110000000
6	110000001	120000000
6	120000001	130000000
6	130000001	140000000
6	140000001	150000000
6	150000001	160000000
6	160000001	170000000
6	170000001	180000000
7	1	10000000
7	10000001	20000000
7	20000001	30000000
7	30000001	40000000
7	40000001	50000000
7	50000001	60000000
7	60000001	70000000
7	70000001	80000000
7	80000001	90000000
7	90000001	100000000
7	100000001	110000000
7	110000001	120000000
7	120000001	130000000
7	130000001	140000000
7	140000001	150000000
7	150000001	160000000
8	1	10000000
8	10000001	20000000
8	20000001	30000000
8	30000001	40000000
8	40000001	50000000
8	50000001	60000000
8	60000001	70000000
8	70000001	80000000
8	80000001	90000000
8	90000001	100000000
8	100000001	110000000
8	110000001	120000000
8	120000001	130000000
8	130000001	140000000
8	140000001	150000000
9	1	10000000
9	10000001	20000000
9	20000001	30000000
9	30000001	40000000
9	40000001	50000000
9	50000001	60000000
9	60000001	70000000
9	70000001	80000000
9	80000001	90000000
9	90000001	100000000
9	100000001	110000000
9	110000001	120000000
9	120000001	130000000
9	130000001	140000000
9	140000001	150000000
10	1	10000000
10	10000001	20000000
10	20000001	30000000
10	30000001	40000000
10	40000001	50000000
10	50000001	60000000
10	60000001	70000000
10	70000001	80000000
10	80000001	90000000
10	90000001	100000000
10	100000001	110000000
10	110000001	120000000
10	120000001	130000000
10	130000001	140000000
11	1	10000000
11	10000001	20000000
11	20000001	30000000
11	30000001	40000000
11	40000001	50000000
11	50000001	60000000
11	60000001	70000000
11	70000001	80000000
11	80000001	90000000
11	90000001	100000000
11	100000001	110000000
11	110000001	120000000
11	120000001	130000000
11	130000001	140000000
12	1	10000000
12	10000001	20000000
12	20000001	30000000
12	30000001	40000000
12	40000001	50000000
12	50000001	60000000
12	60000001	70000000
12	70000001	80000000
12	80000001	90000000
12	90000001	100000000
12	100000001	110000000
12	110000001	120000000
12	120000001	130000000
12	130000001	140000000
13	1	10000000
13	10000001	20000000
13	20000001	30000000
13	30000001	40000000
13	40000001	50000000
13	50000001	60000000
13	60000001	70000000
13	70000001	80000000
13	80000001	90000000
13	90000001	100000000
13	100000001	110000000
13	110000001	120000000
14	1	10000000
14	10000001	20000000
14	20000001	30000000
14	30000001	40000000
14	40000001	50000000
14	50000001	60000000
14	60000001	70000000
14	70000001	80000000
14	80000001	90000000
14	90000001	100000000
14	100000001	110000000
15	1	10000000
15	10000001	20000000
15	20000001	30000000
15	30000001	40000000
15	40000001	50000000
15	50000001	60000000
15	60000001	70000000
15	70000001	80000000
15	80000001	90000000
15	90000001	100000000
15	100000001	110000000
16	1	10000000
16	10000001	20000000
16	20000001	30000000
16	30000001	40000000
16	40000001	50000000
16	50000001	60000000
16	60000001	70000000
16	70000001	80000000
16	80000001	90000000
16	90000001	100000000
17	1	10000000
17	10000001	20000000
17	20000001	30000000
17	30000001	40000000
17	40000001	50000000
17	50000001	60000000
17	60000001	70000000
17	70000001	80000000
17	80000001	90000000
18	1	10000000
18	10000001	20000000
18	20000001	30000000
18	30000001	40000000
18	40000001	50000000
18	50000001	60000000
18	60000001	70000000
18	70000001	80000000
19	1	10000000
19	10000001	20000000
19	20000001	30000000
19	30000001	40000000
19	40000001	50000000
19	50000001	60000000
20	1	10000000
20	10000001	20000000
20	20000001	30000000
20	30000001	40000000
20	40000001	50000000
20	50000001	60000000
20	60000001	70000000
21	1	10000000
21	10000001	20000000
21	20000001	30000000
21	30000001	40000000
21	40000001	50000000
22	1	10000000
22	10000001	20000000
22	20000001	30000000
22	30000001	40000000
22	40000001	50000000
22	50000001	60000000
X	1	10000000
X	10000001	20000000
X	20000001	30000000
X	30000001	40000000
X	40000001	50000000
X	50000001	60000000
X	60000001	70000000
X	70000001	80000000
X	80000001	90000000
X	90000001	100000000
X	100000001	110000000
X	110000001	120000000
X	120000001	130000000
X	130000001	140000000
X	140000001	150000000
X	150000001	160000000
